325

f 160 170v 210 220 230 240

250

 

180 Ι 190 , 200

 

 

 

 

 

 

1840 1840 1889 1889 1888 1888 1887 1887 1886 1886
1,124 1,128 1,128 1,122 1,122 1,122 1,121 1,121 1,120 1,120
. 1,184 1,183 1,183 1,182 1,181 1,181 1,180 1,179 1,179 1,178
1,120 1,119 1,119 1,119 1,118 1,118 1,118 1,117 1,117 1,117
1887 1886 1885 1884 1888 1882 1880 1829 1828 1827
1,112 1,111 1,111 1,110 1,110 1,109 1,109 1,108 1,108 1,107
0,725 0,724 0,728 0,722 0821 0,719 0,718 0,717 0,716 0,715
0801 0800 0800 0899 0898 0897 0896 0896 0895 0894
1885 1888 1881 1879 1877 1875 1878 1872 1870 1869 ’
1829 1829 1828 1828 1827 1827 1826 1825 1825 1824
1845 1845 1844 1844 1844 1844 1848, 1848 1848 1848
1888 1888 1882 1882 1882 Δ1882 1881 1881 1881 1881
τέῇξῇ· 0860 0859 0859 0859 0859 0858 0858 0858 0858 0857
⁴ 1881 1881 1881 1881 1880 1880 1880 1880 1879 1879
1881 1880 1880 1880 1879 1879 1879 1878 1878 1878
1828 1828 ’1827 1826 18261 1825 1824 1824 1828 1822
1,148 1,148 1,148 1,142 1,142 1,141 1,141 1,140 1,140 1,140
1,178 1,177 1,177 1,176 1,176 1,176 1,175 1,175 1,174 1,174
1882 1881 1881 1880 1880 1880 1829 1829 1828 1828
1,160 1,160 1,159 1,159 1,158 1,158 1,157 1,157 1,156 1,156
j. 1888 1887 1887 1886 1886 1886 1,185 1885 1884 1884
-0895 0894 0898 0892 0891 0890 0889 0889 0888 0887
’· 0881 0880 0880 0829 0828 0827 0826 0826 0825 0824
0808 0807 0806 0805 0805 0804 0808 0808 0802 0801
0844 0844 0848 0842 0841 0840 0889 0888 0887 0886
0898 0898 0892 0891 0890 0889 0888 0887 0887 0886
0881 0881 0880 0880 0879 0879 0878 0877 0877 0876
0875 0875 0874 0874 0878 0878 0872 0872 0871 0871

 

